MSP-PODCAST_2384_0201 [5.833333, 5.833333, 2.0]
MSP-PODCAST_0791_0446 [5.7, 5.0, 4.9]
MSP-PODCAST_2913_0694 [4.2, 4.2, 4.8]
MSP-PODCAST_2103_0581 [4.6, 5.2, 4.4]
MSP-PODCAST_0597_0041 [3.4, 3.4, 4.0]
MSP-PODCAST_0573_0142 [2.2, 2.8, 3.0]
MSP-PODCAST_1825_0330 [5.6, 5.0, 5.0]
MSP-PODCAST_1843_0225_0001 [7.0, 6.8, 4.2]
MSP-PODCAST_0317_0315 [3.0, 4.6, 3.8]
MSP-PODCAST_2682_0101 [3.6, 4.2, 2.4]
MSP-PODCAST_3114_0797 [3.0, 4.0, 3.0]
MSP-PODCAST_4606_0134 [5.0, 3.8, 5.4]
MSP-PODCAST_1211_0150_0001 [4.0, 3.4, 2.6]
MSP-PODCAST_3354_0348_0000 [4.6, 4.8, 4.8]
MSP-PODCAST_5547_0393 [3.6, 4.8, 4.6]
MSP-PODCAST_4153_0014_0006 [4.2, 4.6, 4.0]